<?xml version="1.0"?>
<opencv_storage>
<hist type_id="opencv-matrix">
  <rows>50</rows>
  <cols>60</cols>
  <dt>f</dt>
  <data>
    0. 0. 0. 0. 0. 0. 0. 0. 0. 0. 0. 0. 0. 0. 0. 0. 0. 1.30168453e-01 0.
    3.90505373e-01 0. 5.20673811e-01 6.50842249e-01 5.20673811e-01
    7.81010747e-01 2.60336906e-01 9.11179185e-01 1.30168450e+00
    5.20673811e-01 6.50842249e-01 0. 0. 2.60336906e-01 1.30168453e-01
    1.30168453e-01 1.30168453e-01 0. 2.60336906e-01 1.30168453e-01 0. 0.
    2.60336906e-01 2.60336906e-01 0. 0. 1.30168453e-01 0. 0.
    1.30168453e-01 0. 2.60336906e-01 0. 0. 2.60336906e-01 0. 0. 0.
    1.30168453e-01 0. 2.08269525e+00 0. 0. 0. 0. 0. 0. 0. 0. 0. 0. 0. 0.
    1.30168453e-01 1.30168453e-01 0. 2.60336906e-01 0. 0. 2.60336906e-01
    3.90505373e-01 5.20673811e-01 1.17151606e+00 2.08269525e+00
    3.90505362e+00 4.68606424e+00 5.85758018e+00 1.08039818e+01
    1.04134760e+01 1.00229712e+01 1.50995407e+01 1.78330784e+01
    1.18453293e+01 9.63246536e+00 8.72128677e+00 2.73353744e+00
    1.30168450e+00 1.56202149e+00 2.08269525e+00 9.11179185e-01
    7.81010747e-01 7.81010747e-01 3.90505373e-01 0. 3.90505373e-01
    2.60336906e-01 9.11179185e-01 1.04134762e+00 1.30168453e-01
    5.20673811e-01 1.30168453e-01 1.30168453e-01 2.60336906e-01
    1.30168453e-01 2.60336906e-01 1.30168453e-01 3.90505373e-01
    2.60336906e-01 9.11179185e-01 1.30168453e-01 4.55589581e+00 0. 0. 0.
    0. 0. 0. 0. 0. 0. 0. 0. 0. 0. 0. 0. 0. 2.60336906e-01 0.
    6.50842249e-01 6.50842249e-01 2.60336906e-01 9.11179185e-01
    2.08269525e+00 2.21286368e+00 5.98774862e+00 8.59111786e+00
    1.93950996e+01 2.94180698e+01 4.24349174e+01 5.44104118e+01
    7.88820801e+01 8.05742722e+01 7.28943329e+01 7.75803986e+01
    5.66232758e+01 4.11332321e+01 3.25421143e+01 2.34303207e+01
    1.04134760e+01 6.11791706e+00 4.42572737e+00 2.47320056e+00
    1.95252681e+00 9.11179185e-01 5.20673811e-01 3.90505373e-01
    6.50842249e-01 1.30168453e-01 5.20673811e-01 6.50842249e-01
    5.20673811e-01 9.11179185e-01 2.60336906e-01 6.50842249e-01
    2.60336906e-01 2.60336906e-01 2.60336906e-01 3.90505373e-01
    5.20673811e-01 7.94027567e+00 0. 0. 0. 0. 0. 0. 0. 0. 0. 0. 0.
    1.30168453e-01 1.30168453e-01 0. 1.30168453e-01 3.90505373e-01
    1.30168453e-01 1.30168453e-01 6.50842249e-01 6.50842249e-01
    2.60336906e-01 1.04134762e+00 2.08269525e+00 2.08269525e+00
    4.16539049e+00 6.50842285e+00 1.88744259e+01 2.90275650e+01
    5.05053596e+01 6.40428772e+01 1.21967842e+02 1.22098007e+02
    1.84839203e+02 255. 2.14777954e+02 2.01110260e+02 1.90566620e+02
    1.77810104e+02 1.15459419e+02 8.09647751e+01 5.19372139e+01
    5.01148529e+01 2.81163864e+01 2.23889732e+01 1.91347618e+01
    1.24961720e+01 7.54977036e+00 6.76875973e+00 6.76875973e+00
    4.55589581e+00 3.25421143e+00 2.99387431e+00 2.34303212e+00
    1.43185294e+00 6.50842249e-01 1.17151606e+00 9.11179185e-01
    9.11179185e-01 1.69218993e+00 9.63246536e+00 0. 0. 0. 0. 0. 0. 0. 0.
    0. 0. 0. 0. 0. 0. 0. 0. 0. 0. 5.20673811e-01 0. 3.90505373e-01
    2.60336906e-01 1.17151606e+00 2.60336906e-01 1.30168450e+00
    2.21286368e+00 4.29555893e+00 4.68606424e+00 9.11179161e+00
    1.30168457e+01 3.08499241e+01 3.55359879e+01 4.17840729e+01
    7.64088821e+01 7.09418106e+01 7.48468628e+01 8.14854507e+01
    9.60643158e+01 7.56278687e+01 7.00306244e+01 6.91194458e+01
    6.31316986e+01 4.84226646e+01 3.55359879e+01 2.77258797e+01
    2.90275650e+01 1.58805513e+01 1.92649307e+01 1.84839211e+01
    8.46094990e+00 9.50229740e+00 7.54977036e+00 5.59724331e+00
    5.98774862e+00 3.38437986e+00 2.73353744e+00 3.12404299e+00
    1.69218993e+00 2.86370587e+00 1.31470137e+01 0. 0. 0. 0. 0. 0. 0. 0.
    0. 0. 0. 0. 0. 1.30168453e-01 0. 0. 0. 2.60336906e-01 5.20673811e-01
    2.60336906e-01 1.30168453e-01 1.30168453e-01 9.11179185e-01
    3.90505373e-01 9.11179185e-01 1.69218993e+00 3.25421143e+00
    2.73353744e+00 3.25421143e+00 4.42572737e+00 6.50842285e+00
    6.89892817e+00 6.11791706e+00 1.09341497e+01 1.00229712e+01
    1.04134760e+01 1.17151604e+01 2.16079636e+01 1.26263399e+01
    1.39280243e+01 1.24961720e+01 2.17381325e+01 1.35375195e+01
    1.13246555e+01 1.34073505e+01 1.13246555e+01 1.26263399e+01
    1.14548235e+01 1.04134760e+01 1.02833080e+01 7.02909660e+00
    5.98774862e+00 9.11179161e+00 7.81010723e+00 2.21286368e+00
    3.51454830e+00 4.55589581e+00 3.51454830e+00 5.07656956e+00
    1.82235832e+01 0. 0. 0. 0. 0. 0. 0. 0. 0. 1.30168453e-01
    1.30168453e-01 0. 0. 0. 0. 0. 0. 0. 0. 3.90505373e-01 3.90505373e-01
    2.60336906e-01 7.81010747e-01 5.20673811e-01 2.60336906e-01
    2.60336906e-01 1.30168453e-01 2.60336906e-01 5.20673811e-01
    3.90505373e-01 5.20673811e-01 1.04134762e+00 7.81010747e-01
    2.21286368e+00 2.73353744e+00 7.81010747e-01 1.95252681e+00
    3.51454830e+00 1.43185294e+00 2.21286368e+00 2.73353744e+00
    2.73353744e+00 2.21286368e+00 2.73353744e+00 3.25421143e+00
    1.82235837e+00 2.47320056e+00 3.12404299e+00 2.47320056e+00
    4.55589581e+00 3.64471674e+00 2.86370587e+00 3.90505362e+00
    3.25421143e+00 3.51454830e+00 2.08269525e+00 1.30168450e+00
    1.56202149e+00 1.56202149e+00 1.41883612e+01 0. 0. 0. 0. 0. 0. 0. 0.
    0. 0. 0. 0. 0. 0. 0. 0. 0. 0. 0. 0. 0. 0. 0. 0. 0. 0. 0. 0.
    1.30168453e-01 5.20673811e-01 5.20673811e-01 2.60336906e-01
    2.60336906e-01 6.50842249e-01 3.90505373e-01 2.60336906e-01 0.
    6.50842249e-01 1.30168453e-01 3.90505373e-01 3.90505373e-01
    3.90505373e-01 5.20673811e-01 3.90505373e-01 5.20673811e-01
    9.11179185e-01 5.20673811e-01 6.50842249e-01 5.20673811e-01
    3.90505373e-01 1.30168453e-01 3.90505373e-01 7.81010747e-01
    3.90505373e-01 3.90505373e-01 2.60336906e-01 9.11179185e-01
    2.60336906e-01 1.30168453e-01 4.68606424e+00 0. 0. 0. 0. 0. 0. 0. 0.
    0. 0. 0. 0. 0. 0. 0. 0. 0. 0. 0. 0. 0. 0. 1.30168453e-01 0.
    1.30168453e-01 1.30168453e-01 1.30168453e-01 2.60336906e-01 0. 0.
    1.30168453e-01 0. 1.30168453e-01 0. 1.30168453e-01 2.60336906e-01
    1.30168453e-01 3.90505373e-01 3.90505373e-01 5.20673811e-01 0.
    2.60336906e-01 2.60336906e-01 1.30168453e-01 1.30168453e-01
    5.20673811e-01 2.60336906e-01 1.30168453e-01 2.60336906e-01
    1.30168453e-01 2.60336906e-01 1.30168453e-01 2.60336906e-01
    2.60336906e-01 1.30168453e-01 0. 2.60336906e-01 1.30168453e-01
    2.60336906e-01 2.47320056e+00 0. 0. 0. 0. 0. 0. 0. 0. 0. 0. 0.
    1.30168453e-01 0. 0. 1.30168453e-01 0. 0. 0. 0. 0. 0. 0.
    1.30168453e-01 1.30168453e-01 1.30168453e-01 0. 0. 0. 0. 0. 0. 0.
    2.60336906e-01 2.60336906e-01 2.60336906e-01 1.30168453e-01 0.
    1.30168453e-01 1.30168453e-01 1.30168453e-01 0. 1.30168453e-01 0.
    1.30168453e-01 0. 0. 1.30168453e-01 0. 1.30168453e-01 1.30168453e-01
    0. 1.30168453e-01 0. 2.60336906e-01 3.90505373e-01 2.60336906e-01 0.
    2.60336906e-01 0. 2.60336900e+00 0. 0. 0. 0. 0. 0. 0. 0. 0. 0. 0. 0.
    0. 0. 0. 0. 0. 0. 0. 0. 0. 0. 0. 0. 0. 0. 0. 0. 0. 0. 0. 0. 0. 0. 0.
    0. 0. 0. 0. 0. 0. 0. 0. 0. 0. 0. 0. 1.30168453e-01 0. 0. 0. 0. 0. 0.
    0. 0. 0. 0. 0. 7.81010747e-01 0. 0. 0. 0. 0. 0. 0. 0. 0. 0. 0. 0. 0.
    0. 0. 0. 0. 0. 0. 0. 0. 0. 0. 0. 0. 0. 0. 0. 0. 0. 0. 0. 0.
    1.30168453e-01 0. 0. 0. 0. 0. 1.30168453e-01 0. 0. 0. 0. 0. 0.
    1.30168453e-01 0. 0. 1.30168453e-01 0. 0. 0. 0. 0. 0. 0. 0. 0.
    1.04134762e+00 0. 0. 0. 0. 0. 0. 0. 0. 0. 0. 0. 0. 0. 0. 0. 0. 0. 0.
    0. 0. 0. 0. 0. 0. 0. 0. 0. 0. 0. 0. 0. 0. 0. 0. 0. 0. 0. 0. 0. 0. 0.
    0. 0. 0. 0. 0. 0. 0. 0. 0. 0. 0. 0. 0. 0. 0. 0. 0. 0. 0. 0. 0. 0. 0.
    0. 0. 0. 0. 0. 0. 0. 0. 0. 0. 0. 0. 0. 0. 0. 0. 0. 0. 0. 0. 0. 0. 0.
    0. 0. 0. 0. 0. 0. 0. 0. 0. 0. 0. 0. 0. 0. 0. 0. 0. 0. 0. 0. 0. 0. 0.
    0. 0. 1.30168453e-01 0. 0. 0. 0. 0. 0. 7.81010747e-01 0. 0. 0. 0. 0.
    0. 0. 0. 0. 0. 0. 0. 0. 0. 0. 0. 0. 0. 0. 0. 0. 0. 0. 0. 0. 0. 0. 0.
    0. 0. 0. 0. 0. 0. 0. 0. 0. 0. 0. 0. 0. 0. 0. 0. 0. 0. 0. 0. 0. 0. 0.
    0. 0. 0. 0. 0. 1.30168453e-01 0. 0. 5.20673811e-01 0. 0. 0. 0. 0. 0.
    0. 0. 0. 0. 0. 0. 0. 0. 0. 0. 0. 0. 0. 0. 0. 0. 0. 0. 0. 0. 0. 0. 0.
