<?xml version="1.0"?>
<opencv_storage>
<hist type_id="opencv-matrix">
  <rows>50</rows>
  <cols>60</cols>
  <dt>f</dt>
  <data>
    0. 0. 0. 2.51976281e-01 0. 0. 5.03952563e-01 7.55928874e-01
    8.81917000e-01 2.01581025e+00 5.54347801e+00 1.37327070e+01
    1.13389330e+01 1.27248020e+01 1.10869560e+01 9.19713402e+00
    4.28359699e+00 4.03162050e+00 3.65365601e+00 1.88982213e+00
    1.76383400e+00 2.01581025e+00 1.25988138e+00 5.03952563e-01
    1.38586950e+00 7.55928874e-01 1.13389325e+00 7.55928874e-01
    1.25988141e-01 0. 3.77964437e-01 2.51976281e-01 2.51976281e-01
    1.25988141e-01 0. 2.51976281e-01 1.25988141e-01 2.51976281e-01 0. 0.
    0. 0. 0. 0. 0. 0. 0. 0. 0. 0. 0. 1.25988141e-01 0. 1.25988141e-01 0.
    0. 0. 0. 0. 3.77964437e-01 0. 0. 0. 0. 1.25988141e-01 7.55928874e-01
    6.29940689e-01 5.03952563e-01 2.14179850e+00 5.79545450e+00
    6.17341900e+00 1.43626480e+01 2.40637341e+01 6.08522720e+01
    7.91205521e+01 1.18050888e+02 9.48690720e+01 8.27742081e+01
    8.21442642e+01 4.82534561e+01 3.37648201e+01 2.28038540e+01
    3.30088921e+01 2.11660080e+01 1.76383400e+01 1.41106720e+01
    1.92761860e+01 1.32287550e+01 1.27248020e+01 8.31521702e+00
    9.19713402e+00 7.55928850e+00 7.68527651e+00 6.55138350e+00
    4.53557301e+00 3.65365601e+00 2.64575100e+00 1.88982213e+00
    8.81917000e-01 3.77964437e-01 3.77964437e-01 1.25988141e-01
    1.25988141e-01 2.51976281e-01 0. 2.51976281e-01 1.25988141e-01
    1.25988141e-01 1.25988141e-01 1.25988141e-01 1.25988141e-01
    1.25988141e-01 0. 0. 0. 1.25988141e-01 0. 0. 1.25988141e-01
    1.63784587e+00 0. 0. 0. 1.25988141e-01 3.77964437e-01 0.
    7.55928874e-01 2.51976281e-01 7.55928874e-01 1.25988138e+00
    2.64575100e+00 2.89772725e+00 8.69318199e+00 2.38117580e+01
    6.84115601e+01 1.41610672e+02 1.55973312e+02 1.54713440e+02
    1.94273712e+02 1.38334976e+02 1.20948616e+02 1.11625496e+02
    1.04192192e+02 7.72307281e+01 6.91674881e+01 7.10573120e+01
    9.68848801e+01 5.87104721e+01 4.56077080e+01 4.93873520e+01
    4.81274681e+01 3.23789520e+01 2.54496040e+01 2.78433800e+01
    1.65044460e+01 1.48666010e+01 1.12129450e+01 1.15909090e+01
    7.30731201e+00 6.17341900e+00 3.40167975e+00 3.90563226e+00
    2.89772725e+00 2.14179850e+00 1.00790513e+00 1.13389325e+00
    5.03952563e-01 5.03952563e-01 6.29940689e-01 3.77964437e-01
    5.03952563e-01 5.03952563e-01 5.03952563e-01 0. 0. 2.51976281e-01
    3.77964437e-01 1.25988141e-01 3.77964437e-01 2.77173901e+00 0. 0. 0.
    2.51976281e-01 0. 1.25988141e-01 1.25988141e-01 1.38586950e+00
    8.81917000e-01 3.77964437e-01 6.29940689e-01 1.00790513e+00
    2.39377475e+00 3.90563226e+00 1.41106720e+01 2.72134380e+01
    3.77964439e+01 6.61437759e+01 1.42366592e+02 1.55973312e+02
    2.11282104e+02 2.14809784e+02 255. 1.82556808e+02 1.59375000e+02
    1.65674408e+02 1.99061264e+02 1.54083496e+02 1.35815216e+02
    1.28255920e+02 1.51941696e+02 1.07593872e+02 8.89476242e+01
    8.98295441e+01 5.24110680e+01 4.35918961e+01 2.93552361e+01
    3.07411060e+01 1.92761860e+01 1.44886360e+01 1.24728260e+01
    1.22208500e+01 6.17341900e+00 6.92934752e+00 5.66946650e+00
    4.40958500e+00 3.14970350e+00 2.64575100e+00 2.26778650e+00
    1.88982213e+00 1.88982213e+00 1.13389325e+00 7.55928874e-01
    6.29940689e-01 1.00790513e+00 1.38586950e+00 8.81917000e-01
    5.03952563e-01 8.81917000e-01 7.93725300e+00 0. 0. 0. 0.
    5.03952563e-01 2.51976281e-01 0. 0. 0. 0. 0. 0. 2.51976281e-01
    7.55928874e-01 2.89772725e+00 2.64575100e+00 2.51976275e+00
    7.43330050e+00 6.92934752e+00 1.48666010e+01 2.24258900e+01
    3.37648201e+01 6.22381401e+01 6.38759880e+01 6.18601761e+01
    7.30731201e+01 6.84115601e+01 4.63636360e+01 4.93873520e+01
    5.39229240e+01 6.17341881e+01 3.88043480e+01 2.99851780e+01
    3.47727280e+01 2.38117580e+01 1.91501980e+01 1.54965410e+01
    2.09140320e+01 1.42366600e+01 1.10869560e+01 6.29940701e+00
    7.81126451e+00 4.91353750e+00 3.65365601e+00 4.28359699e+00
    5.66946650e+00 2.26778650e+00 2.39377475e+00 2.89772725e+00
    1.51185775e+00 2.14179850e+00 2.01581025e+00 1.51185775e+00
    8.81917000e-01 1.25988138e+00 1.00790513e+00 2.26778650e+00
    1.13389325e+00 6.29940689e-01 6.67737150e+00 0. 0. 0. 0. 0. 0. 0. 0.
    0. 0. 0. 0. 1.25988141e-01 1.25988141e-01 2.51976281e-01
    1.25988141e-01 0. 7.55928874e-01 2.26778650e+00 1.63784587e+00
    1.38586950e+00 2.51976275e+00 3.14970350e+00 2.64575100e+00
    5.29150200e+00 5.54347801e+00 5.29150200e+00 5.41749001e+00
    4.40958500e+00 7.81126451e+00 6.29940701e+00 5.54347801e+00
    5.79545450e+00 6.92934752e+00 7.30731201e+00 5.41749001e+00
    6.55138350e+00 7.30731201e+00 4.28359699e+00 5.16551399e+00
    4.40958500e+00 4.66156101e+00 3.27569175e+00 3.90563226e+00
    2.89772725e+00 2.14179850e+00 2.39377475e+00 1.25988138e+00
    1.63784587e+00 2.26778650e+00 1.13389325e+00 1.13389325e+00
    8.81917000e-01 8.81917000e-01 1.00790513e+00 3.77964437e-01
    2.01581025e+00 1.25988138e+00 5.03952563e-01 7.81126451e+00 0. 0. 0.
    0. 0. 0. 0. 0. 0. 0. 0. 0. 0. 1.25988141e-01 0. 1.25988141e-01 0. 0.
    0. 1.25988141e-01 0. 2.51976281e-01 0. 0. 2.51976281e-01
    1.25988141e-01 0. 0. 0. 3.77964437e-01 7.55928874e-01 1.25988138e+00
    6.29940689e-01 1.00790513e+00 1.25988138e+00 1.63784587e+00
    8.81917000e-01 8.81917000e-01 6.29940689e-01 1.51185775e+00
    7.55928874e-01 6.29940689e-01 2.51976281e-01 3.77964437e-01
    8.81917000e-01 7.55928874e-01 7.55928874e-01 0. 1.00790513e+00
    7.55928874e-01 3.77964437e-01 7.55928874e-01 1.25988141e-01
    6.29940689e-01 5.03952563e-01 6.29940689e-01 6.29940689e-01
    8.81917000e-01 7.55928874e-01 3.90563226e+00 0. 0. 0. 0. 0. 0. 0. 0.
    0. 0. 0. 0. 0. 2.51976281e-01 0. 0. 0. 0. 0. 0. 0. 0. 0. 0. 0. 0. 0.
    0. 2.51976281e-01 2.51976281e-01 0. 1.25988141e-01 2.51976281e-01
    2.51976281e-01 1.25988141e-01 1.25988141e-01 0. 1.25988141e-01
    1.25988141e-01 0. 1.25988141e-01 0. 1.25988141e-01 0. 0.
    1.25988141e-01 0. 1.25988141e-01 2.51976281e-01 2.51976281e-01
    2.51976281e-01 1.25988141e-01 3.77964437e-01 0. 0. 3.77964437e-01
    1.25988141e-01 1.25988141e-01 0. 1.88982213e+00 0. 0. 0. 0. 0. 0. 0.
    0. 0. 3.77964437e-01 0. 0. 1.25988141e-01 0. 0. 0. 0. 0.
    1.25988141e-01 1.25988141e-01 0. 0. 0. 0. 0. 1.25988141e-01
    1.25988141e-01 0. 0. 0. 1.25988141e-01 0. 1.25988141e-01
    1.25988141e-01 0. 0. 1.25988141e-01 0. 1.25988141e-01 0. 0. 0. 0. 0.
    0. 1.25988141e-01 0. 0. 0. 0. 0. 3.77964437e-01 0. 0. 1.25988141e-01
    0. 0. 0. 0. 5.03952563e-01 0. 0. 0. 0. 0. 0. 0. 0. 0. 0. 0. 0. 0. 0.
    0. 0. 0. 0. 1.25988141e-01 1.25988141e-01 1.25988141e-01
    1.25988141e-01 0. 1.25988141e-01 0. 1.25988141e-01 0. 0.
    2.51976281e-01 0. 1.25988141e-01 1.25988141e-01 1.25988141e-01 0.
    1.25988141e-01 0. 1.25988141e-01 3.77964437e-01 2.51976281e-01 0. 0.
    1.25988141e-01 0. 1.25988141e-01 0. 1.25988141e-01 0. 0.
    1.25988141e-01 0. 0. 2.51976281e-01 0. 1.25988141e-01 0. 0. 0.
    2.51976281e-01 0. 1.00790513e+00 0. 0. 0. 0. 0. 0. 0. 0. 0. 0. 0. 0.
    0. 0. 1.25988141e-01 0. 0. 0. 0. 0. 0. 0. 2.51976281e-01 0.
    1.25988141e-01 1.25988141e-01 0. 0. 0. 1.25988141e-01 0. 0. 0. 0. 0.
    0. 0. 0. 0. 0. 0. 0. 1.25988141e-01 0. 0. 0. 1.25988141e-01 0. 0. 0.
    0. 0. 1.25988141e-01 0. 0. 1.25988141e-01 0. 0. 0. 3.77964437e-01 0.
    0. 0. 0. 0. 0. 0. 0. 0. 0. 0. 0. 0. 0. 0. 1.25988141e-01 0. 0. 0. 0.
    1.25988141e-01 1.25988141e-01 0. 0. 0. 2.51976281e-01 0. 0. 0. 0. 0.
    1.25988141e-01 0. 0. 1.25988141e-01 0. 0. 0. 0. 1.25988141e-01 0.
    1.25988141e-01 0. 0. 1.25988141e-01 1.25988141e-01 1.25988141e-01
    1.25988141e-01 0. 0. 1.25988141e-01 0. 0. 0. 0. 0. 0. 0. 0.
    3.77964437e-01 0. 0. 0. 0. 0. 0. 0. 0. 0. 0. 0. 0. 0. 0. 0. 0. 0. 0.
    0. 0. 0. 1.25988141e-01 0. 1.25988141e-01 0. 0. 0. 0. 0. 0. 0. 0. 0.
    0. 0. 0. 0. 0. 0. 0. 0. 0. 0. 0. 0. 0. 0. 0. 0. 0. 0. 0. 0. 0. 0. 0.
    0. 0. 0. 6.29940689e-01 0. 0. 0. 0. 0. 0. 0. 0. 0. 0. 0. 0. 0. 0. 0.
