<?xml version="1.0"?>
<opencv_storage>
<hist type_id="opencv-matrix">
  <rows>50</rows>
  <cols>60</cols>
  <dt>f</dt>
  <data>
    3.86019588e+00 0. 0. 0. 6.81211054e-01 0. 6.81211054e-01
    2.27070346e-01 2.27070346e-01 0. 0. 2.27070346e-01 0. 0. 0.
    4.54140693e-01 4.54140693e-01 0. 2.27070346e-01 9.08281386e-01
    6.81211054e-01 2.27070346e-01 2.27070346e-01 2.27070346e-01
    1.81656277e+00 2.27070355e+00 1.13535178e+00 4.08726645e+00
    2.27070355e+00 2.04363322e+00 2.04363322e+00 0. 1.13535178e+00
    9.08281386e-01 2.27070346e-01 2.27070346e-01 0. 0. 6.81211054e-01 0.
    1.13535178e+00 0. 2.27070346e-01 0. 4.54140693e-01 6.81211054e-01
    6.81211054e-01 4.54140693e-01 6.81211054e-01 2.27070346e-01
    1.58949244e+00 0. 1.36242211e+00 9.08281386e-01 6.81211054e-01
    1.36242211e+00 6.81211054e-01 4.54140693e-01 2.27070346e-01
    1.47595730e+01 0. 0. 0. 0. 0. 0. 0. 0. 0. 0. 0. 0. 0. 4.54140693e-01
    0. 0. 4.54140693e-01 1.13535178e+00 3.86019588e+00 1.81656277e+00
    4.99554777e+00 6.13089943e+00 1.18076582e+01 1.45325022e+01
    2.04363308e+01 2.13446121e+01 3.54229736e+01 3.22439880e+01
    3.72395363e+01 3.88290291e+01 4.90471954e+01 2.58860188e+01
    1.58949242e+01 8.85574341e+00 2.04363322e+00 3.63312554e+00
    2.95191455e+00 2.04363322e+00 6.81211054e-01 2.04363322e+00
    1.36242211e+00 1.58949244e+00 1.58949244e+00 4.54140693e-01
    1.58949244e+00 2.27070346e-01 2.27070355e+00 6.81211054e-01
    1.36242211e+00 1.81656277e+00 9.08281386e-01 1.58949244e+00
    2.27070355e+00 4.54140693e-01 1.13535178e+00 1.81656277e+00
    2.49777389e+00 1.58949244e+00 1.13535178e+00 2.65672302e+01 0. 0. 0.
    0. 0. 0. 0. 0. 0. 0. 0. 0. 0. 0. 0. 4.54140693e-01 2.27070346e-01
    9.08281386e-01 1.36242211e+00 2.72484422e+00 1.81656277e+00
    5.90382910e+00 1.18076582e+01 1.99821911e+01 3.24710579e+01
    3.42876205e+01 5.58593063e+01 6.83481750e+01 7.74309845e+01
    9.21905594e+01 1.22845055e+02 9.28717728e+01 8.53784485e+01
    9.71861115e+01 5.06366882e+01 3.38334808e+01 2.99732857e+01
    1.95280495e+01 8.40160275e+00 8.62867355e+00 4.99554777e+00
    4.76847744e+00 3.86019588e+00 2.27070355e+00 3.40605521e+00
    2.72484422e+00 3.86019588e+00 2.27070355e+00 1.58949244e+00
    1.13535178e+00 1.81656277e+00 1.13535178e+00 1.13535178e+00
    1.36242211e+00 1.13535178e+00 9.08281386e-01 1.81656277e+00
    4.54140693e-01 2.27070346e-01 2.65672302e+01 0. 0. 0. 0. 0. 0. 0. 0.
    0. 0. 0. 0. 0. 0. 0. 9.08281386e-01 1.58949244e+00 4.54140693e-01
    9.08281386e-01 1.36242211e+00 3.86019588e+00 7.26625109e+00
    1.29430094e+01 1.36242208e+01 2.40694561e+01 2.81567230e+01
    4.76847725e+01 5.29073906e+01 8.26536026e+01 1.06041855e+02
    1.69167404e+02 1.60765808e+02 1.85516479e+02 255. 1.91420303e+02
    1.90512024e+02 1.60765808e+02 1.53272491e+02 1.24661621e+02
    9.53695450e+01 7.90204773e+01 7.72039185e+01 4.79118423e+01
    3.47417641e+01 2.58860188e+01 2.08904724e+01 1.74844170e+01
    1.45325022e+01 1.54407835e+01 1.02181654e+01 9.53695488e+00
    5.90382910e+00 9.08281422e+00 4.99554777e+00 4.76847744e+00
    2.95191455e+00 4.99554777e+00 1.58949244e+00 2.27070355e+00
    4.76847725e+01 0. 0. 0. 0. 0. 0. 0. 0. 0. 0. 0. 0. 0. 0. 0. 0. 0.
    9.08281386e-01 0. 4.54140693e-01 0. 1.58949244e+00 1.81656277e+00
    1.81656277e+00 2.27070355e+00 8.62867355e+00 1.63490658e+01
    1.54407835e+01 2.13446121e+01 2.92920742e+01 4.90471954e+01
    5.24532509e+01 6.15360641e+01 9.83214569e+01 1.03544075e+02
    9.06010666e+01 1.15578804e+02 1.38512909e+02 1.12626892e+02
    1.08766693e+02 9.96838837e+01 1.10583260e+02 8.26536026e+01
    6.97105942e+01 6.56233292e+01 5.97195015e+01 3.56500435e+01
    3.08815670e+01 3.81478195e+01 2.31611748e+01 1.88468380e+01
    1.88468380e+01 2.02092609e+01 1.33971500e+01 1.31700802e+01
    1.04452362e+01 1.52137136e+01 1.02181654e+01 1.15805874e+01
    8.01558304e+01 0. 0. 0. 0. 0. 0. 0. 0. 0. 0. 0. 0. 4.54140693e-01 0.
    0. 0. 0. 6.81211054e-01 2.27070346e-01 0. 2.27070346e-01
    4.54140693e-01 1.36242211e+00 2.49777389e+00 2.04363322e+00
    3.17898488e+00 4.31433678e+00 4.76847744e+00 4.99554777e+00
    2.95191455e+00 1.43054314e+01 1.18076582e+01 1.13535175e+01
    2.04363308e+01 2.36153164e+01 2.31611748e+01 3.45146942e+01
    4.79118423e+01 4.90471954e+01 4.49599304e+01 3.49688339e+01
    6.24443436e+01 4.49599304e+01 4.74577026e+01 5.01825447e+01
    4.76847725e+01 3.81478195e+01 3.42876205e+01 4.83659821e+01
    3.15627785e+01 2.92920742e+01 3.49688339e+01 3.06544971e+01
    2.58860188e+01 2.29341049e+01 2.04363308e+01 2.52048092e+01
    2.17987537e+01 1.79385567e+01 1.83699905e+02 0. 0. 0. 0. 0. 0. 0. 0.
    0. 0. 0. 4.54140693e-01 0. 0. 0. 2.27070346e-01 4.54140693e-01 0.
    2.27070346e-01 2.27070346e-01 2.27070346e-01 2.27070346e-01
    4.54140693e-01 2.27070346e-01 4.54140693e-01 6.81211054e-01
    9.08281386e-01 9.08281386e-01 2.49777389e+00 2.27070355e+00
    4.99554777e+00 2.49777389e+00 2.04363322e+00 3.40605521e+00
    5.22261810e+00 4.54140711e+00 6.13089943e+00 5.44968843e+00
    6.13089943e+00 7.94746208e+00 7.26625109e+00 7.72039175e+00
    9.30988407e+00 9.99109554e+00 9.99109554e+00 1.11264467e+01
    1.18076582e+01 1.27159395e+01 1.70302753e+01 1.06723061e+01
    1.61219940e+01 1.45325022e+01 1.83926983e+01 1.49866428e+01
    1.04452362e+01 1.54407835e+01 1.63490658e+01 1.08993769e+01
    1.33971500e+01 1.15805878e+02 0. 0. 0. 0. 0. 0. 0. 0. 0. 0. 0. 0. 0.
    0. 0. 0. 0. 0. 0. 2.27070346e-01 0. 0. 0. 2.27070346e-01 0. 0.
    6.81211054e-01 9.08281386e-01 9.08281386e-01 1.13535178e+00
    6.81211054e-01 1.13535178e+00 6.81211054e-01 4.54140693e-01
    9.08281386e-01 1.13535178e+00 0. 6.81211054e-01 1.13535178e+00
    9.08281386e-01 1.36242211e+00 1.36242211e+00 9.08281386e-01
    1.58949244e+00 2.49777389e+00 9.08281386e-01 1.13535178e+00
    3.40605521e+00 2.04363322e+00 6.81211054e-01 2.04363322e+00
    1.36242211e+00 2.27070355e+00 1.36242211e+00 2.49777389e+00
    2.49777389e+00 2.27070355e+00 2.04363322e+00 3.40605521e+00
    4.33704376e+01 0. 0. 0. 0. 0. 0. 0. 0. 0. 0. 0. 0. 0. 0. 0. 0. 0. 0.
    4.54140693e-01 2.27070346e-01 0. 2.27070346e-01 4.54140693e-01 0. 0.
    6.81211054e-01 0. 0. 2.27070346e-01 0. 4.54140693e-01 2.27070346e-01
    2.27070346e-01 4.54140693e-01 4.54140693e-01 6.81211054e-01
    6.81211054e-01 1.58949244e+00 2.27070346e-01 0. 2.27070346e-01 0.
    1.13535178e+00 9.08281386e-01 6.81211054e-01 1.58949244e+00
    1.58949244e+00 1.13535178e+00 4.54140693e-01 1.58949244e+00
    4.54140693e-01 9.08281386e-01 1.13535178e+00 9.08281386e-01
    2.27070346e-01 1.13535178e+00 9.08281386e-01 1.81656277e+00
    2.27070346e-01 2.81567230e+01 0. 0. 0. 0. 0. 0. 0. 0. 0.
    2.27070346e-01 2.27070346e-01 0. 0. 0. 0. 0. 0. 0. 0. 0. 0. 0. 0. 0.
    0. 0. 0. 2.27070346e-01 0. 4.54140693e-01 6.81211054e-01
    6.81211054e-01 4.54140693e-01 1.36242211e+00 9.08281386e-01
    1.58949244e+00 2.27070346e-01 2.27070346e-01 1.13535178e+00
    6.81211054e-01 2.27070346e-01 2.27070346e-01 4.54140693e-01
    4.54140693e-01 1.13535178e+00 2.27070346e-01 6.81211054e-01
    6.81211054e-01 9.08281386e-01 4.54140693e-01 6.81211054e-01
    2.04363322e+00 4.54140693e-01 6.81211054e-01 6.81211054e-01
    9.08281386e-01 6.81211054e-01 1.58949244e+00 6.81211054e-01
    1.29430094e+01 0. 0. 0. 0. 0. 0. 0. 0. 0. 0. 0. 0. 2.27070346e-01
    2.27070346e-01 0. 0. 0. 0. 0. 0. 0. 0. 0. 2.27070346e-01 0. 0.
    2.27070346e-01 0. 0. 0. 0. 2.27070346e-01 0. 0. 0. 0. 0. 0. 0.
    4.54140693e-01 2.27070346e-01 2.27070346e-01 2.27070346e-01
    2.27070346e-01 2.27070346e-01 0. 4.54140693e-01 4.54140693e-01 0.
    2.27070346e-01 0. 0. 2.27070346e-01 0. 0. 2.27070346e-01 0.
    6.81211054e-01 0. 1.61219940e+01 0. 0. 0. 0. 0. 0. 0. 0. 0. 0. 0. 0.
    0. 0. 0. 0. 0. 0. 0. 0. 0. 0. 0. 0. 4.54140693e-01 0. 0. 0. 0. 0.
    2.27070346e-01 0. 0. 0. 0. 2.27070346e-01 0. 0. 0. 0. 0. 0. 0. 0. 0.
    0. 0. 0. 0. 2.27070346e-01 0. 0. 0. 0. 0. 0. 2.27070346e-01 0. 0.
